image_width: 640
image_height: 480
camera_name: head_camera
camera_matrix:
  rows: 3
  cols: 3
  data: [649.1376321811282, 0, 283.6132542690483, 0, 647.5978866912785, 241.1149035119526, 0, 0, 1]
distortion_model: plumb_bob
distortion_coefficients:
  rows: 1
  cols: 5
  data: [0.1208828628820306, -0.2382190183875284, 0.0009417831606137964, -0.01012185247376478, 0]
rectification_matrix:
  rows: 3
  cols: 3
  data: [1, 0, 0, 0, 1, 0, 0, 0, 1]
projection_matrix:
  rows: 3
  cols: 4
  data: [651.5457763671875, 0, 277.1841680563011, 0, 0, 644.3895263671875, 241.6155759522953, 0, 0, 0, 1, 0]