image_width: 640
image_height: 480
camera_name: head_camera
camera_matrix:
  rows: 3
  cols: 3
  data: [606.558475660298, 0, 329.7140375532178, 0, 610.082993696297, 322.8508049069323, 0, 0, 1]
distortion_model: plumb_bob
distortion_coefficients:
  rows: 1
  cols: 5
  data: [0.06771286309480233, -0.05581954677023632, 0.01050408256257112, 0.02546905602543423, 0]
rectification_matrix:
  rows: 3
  cols: 3
  data: [1, 0, 0, 0, 1, 0, 0, 0, 1]
projection_matrix:
  rows: 3
  cols: 4
  data: [604.5839233398438, 0, 345.183930665673, 0, 0, 597.8594970703125, 326.8604067949491, 0, 0, 0, 1, 0]